<-- wq_vtb_adc_data_format_print --> idx 20409, len 6412, phase 0
31,-63,-75,0,68,32,-66,-77,3,67,28,-57,-74,1,69,27,-59,-78,3,67,36,-58,-80,1,67,34,-58,-71,2,65,32,-62,-74,-1,70,36,-57,-80,5,63,27,-64,-76,5,70,33,-64,-75,1,69,32,-60,-78,1,67,33,-63,-76,0,71,30,-55,-83,0,...
69,35,-68,-71,12,69,39,-58,-75,5,78,35,-54,-69,-1,76,32,-58,-73,5,71,35,-56,-67,6,75,35,-51,-69,9,73,35,-51,-70,9,74,41,-53,-64,13,75,45,-57,-67,16,77,41,-53,-64,10,79,33,-53,-68,11,77,35,-55,-73,8,75,32,-63,-69,...
7,69,35,-54,-79,7,72,34,-60,-75,2,68,32,-61,-76,5,68,32,-66,-70,2,69,36,-56,-75,10,66,31,-59,-72,5,71,30,-58,-74,7,69,34,-58,-75,12,73,29,-49,-76,7,65,37,-59,-74,3,70,30,-63,-76,5,69,32,-59,-77,8,68,26,-60,...
-79,4,66,32,-57,-78,5,68,25,-60,-78,8,66,29,-62,-72,5,66,28,-62,-78,0,63,35,-64,-85,1,66,26,-69,-78,2,65,24,-72,-84,-2,61,25,-70,-79,-7,62,19,-69,-82,-3,59,24,-66,-84,-7,62,28,-67,-83,-1,64,26,-62,-78,1,70,26,...
-65,-80,6,67,26,-66,-81,1,69,31,-59,-76,-1,70,28,-62,-79,-3,67,31,-62,-77,2,76,28,-62,-77,2,69,32,-59,-81,4,61,33,-60,-75,14,68,28,-66,-74,0,68,35,-66,-77,2,62,33,-61,-77,6,68,31,-62,-73,4,69,33,-59,-70,7,69,...
31,-58,-77,7,70,32,-62,-78,3,74,26,-63,-75,-4,73,34,-55,-76,6,78,33,-56,-72,7,74,35,-55,-71,9,76,39,-56,-66,3,79,41,-54,-76,15,77,37,-54,-66,13,79,37,-52,-68,15,75,35,-55,-66,4,76,39,-59,-70,7,77,37,-59,-66,6,...
70,34,-57,-76,8,74,35,-57,-73,8,71,31,-60,-78,8,71,31,-58,-73,5,69,31,-61,-73,-2,69,30,-60,-72,6,68,30,-61,-75,2,70,28,-69,-75,2,72,33,-56,-75,5,68,34,-60,-72,0,71,36,-61,-75,6,72,30,-57,-79,6,66,29,-60,-74,...
6,68,36,-60,-80,5,68,29,-57,-76,4,68,26,-62,-77,7,68,26,-60,-80,2,62,27,-65,-83,-6,65,25,-69,-82,-4,63,25,-70,-83,-6,61,26,-66,-83,1,62,26,-67,-86,-2,60,19,-66,-84,-7,61,28,-65,-81,0,61,25,-68,-80,1,62,26,-63,...
-79,-3,65,30,-67,-80,2,65,31,-63,-74,7,63,32,-62,-75,4,69,34,-64,-78,7,71,31,-61,-77,4,64,33,-68,-72,5,73,26,-59,-83,5,63,31,-57,-73,0,63,27,-58,-80,8,69,33,-63,-73,3,66,31,-66,-80,-2,67,37,-61,-78,5,72,31,...
-55,-79,7,73,31,-61,-75,6,73,32,-59,-77,1,73,30,-60,-77,7,71,37,-55,-68,7,71,37,-53,-69,6,76,40,-49,-71,7,74,42,-51,-73,11,79,36,-51,-68,8,80,41,-51,-63,9,80,36,-52,-69,9,75,42,-55,-66,7,80,35,-52,-71,14,77,...
39,-58,-71,9,67,33,-58,-69,5,68,28,-62,-74,7,71,34,-59,-76,8,70,28,-56,-77,7,72,35,-55,-75,6,73,30,-57,-72,5,70,34,-60,-76,6,74,31,-62,-71,9,74,27,-57,-77,6,69,33,-57,-71,7,72,33,-63,-74,9,72,31,-60,-78,2,...
68,32,-62,-77,3,70,37,-66,-78,1,68,31,-66,-77,1,65,30,-60,-80,3,66,32,-62,-78,3,64,26,-70,-76,3,63,23,-68,-79,1,65,24,-67,-81,-1,59,27,-72,-79,-1,64,26,-70,-84,-3,61,20,-68,-82,-5,60,30,-71,-76,-4,62,29,-67,-78,...
0,61,24,-58,-75,3,69,25,-63,-76,4,74,28,-61,-80,7,67,29,-66,-75,4,68,29,-64,-80,8,64,32,-58,-73,1,69,30,-59,-78,0,67,32,-64,-75,0,72,29,-66,-76,1,69,35,-61,-76,7,74,26,-62,-78,1,71,34,-60,-78,4,66,29,-60,...
-72,5,65,35,-56,-74,5,70,41,-57,-75,4,68,30,-58,-73,8,69,34,-54,-73,10,71,35,-60,-67,9,75,35,-53,-71,13,74,30,-54,-63,9,78,39,-55,-66,12,78,34,-49,-63,15,76,41,-53,-65,12,76,36,-52,-66,11,70,35,-54,-69,8,70,38,...
-51,-74,11,72,35,-55,-71,9,68,35,-58,-75,7,65,33,-60,-73,13,70,31,-60,-77,5,71,29,-64,-73,7,68,35,-62,-71,3,67,30,-61,-72,2,72,35,-58,-70,4,69,32,-60,-74,6,68,40,-61,-76,5,72,30,-51,-76,3,64,36,-64,-76,2,74,...
29,-56,-76,8,66,34,-57,-74,10,66,33,-63,-73,6,64,27,-60,-77,3,67,32,-63,-81,-1,65,23,-64,-81,1,62,23,-68,-80,-2,63,21,-65,-86,-3,63,28,-70,-85,0,61,24,-68,-84,0,55,26,-67,-80,-1,59,29,-64,-83,-1,65,24,-62,-82,0,...
65,28,-65,-77,-3,69,30,-62,-82,7,67,35,-67,-75,4,71,34,-61,-78,2,69,34,-58,-76,1,69,32,-61,-81,6,62,33,-63,-77,1,70,31,-62,-76,4,71,24,-65,-78,6,63,29,-65,-75,0,69,33,-65,-78,9,67,27,-63,-72,3,64,28,-56,-75,...
6,70,33,-60,-75,1,71,39,-61,-73,2,73,31,-61,-69,5,75,31,-58,-78,7,71,35,-49,-70,14,70,35,-56,-70,12,74,35,-50,-67,14,73,37,-56,-65,9,77,37,-52,-66,10,80,37,-50,-58,8,76,38,-55,-71,14,66,40,-55,-67,12,70,40,-58,...
-70,7,72,32,-56,-72,7,69,32,-55,-74,0,68,28,-59,-71,4,72,31,-59,-75,12,68,35,-61,-72,10,67,34,-60,-78,7,71,30,-61,-71,7,69,36,-56,-76,6,69,34,-60,-72,2,73,32,-63,-75,9,70,34,-63,-73,6,70,28,-57,-77,3,72,29,...
-53,-73,3,68,33,-63,-75,6,67,27,-59,-78,6,67,32,-63,-76,-2,64,28,-61,-78,-4,67,33,-64,-82,1,62,26,-64,-80,-1,63,24,-68,-83,-2,62,25,-67,-80,-6,63,27,-63,-82,-1,61,22,-66,-83,0,63,29,-66,-83,1,64,22,-64,-79,3,63,...
27,-62,-77,-1,62,34,-65,-77,4,63,28,-61,-74,10,68,25,-56,-71,6,68,30,-61,-74,1,66,30,-60,-80,2,67,34,-47,-81,0,66,31,-63,-76,-2,67,28,-62,-73,-1,72,28,-58,-78,7,69,25,-63,-76,3,66,31,-62,-77,0,66,32,-63,-73,4,...
72,30,-62,-76,6,71,34,-62,-69,3,71,27,-61,-73,7,70,32,-49,-73,8,70,34,-61,-68,4,72,33,-57,-67,10,70,38,-57,-66,17,72,37,-53,-69,10,75,41,-49,-68,8,77,40,-49,-64,7,81,38,-50,-74,9,77,34,-57,-75,10,71,35,-59,-76,...
8,74,37,-55,-73,4,69,33,-56,-74,6,68,33,-59,-76,5,68,34,-57,-75,4,70,31,-54,-80,3,72,23,-56,-74,9,72,31,-54,-77,9,66,38,-58,-73,3,70,33,-60,-72,3,73,34,-62,-75,3,73,32,-58,-79,6,70,28,-57,-74,2,73,31,-59,...
-77,7,61,28,-63,-75,4,64,34,-59,-71,2,69,32,-66,-83,4,68,27,-61,-82,-2,71,31,-66,-80,-2,64,29,-70,-81,0,63,29,-67,-83,-10,66,24,-66,-83,-2,65,27,-70,-79,-2,60,21,-68,-88,-8,64,27,-64,-80,1,61,25,-65,-82,3,65,27,...
-60,-77,-1,66,32,-65,-77,6,63,33,-61,-78,2,70,32,-60,-75,2,68,33,-60,-68,1,69,27,-65,-78,-3,64,28,-58,-75,1,74,30,-64,-77,3,63,29,-59,-78,5,68,25,-60,-82,7,69,29,-62,-73,2,71,34,-64,-73,4,66,33,-62,-72,6,69,...
26,-58,-71,6,70,31,-60,-77,4,70,35,-59,-74,3,74,35,-58,-75,7,70,32,-54,-72,4,67,32,-54,-68,5,70,37,-57,-67,12,73,36,-49,-66,14,79,36,-57,-73,12,77,33,-52,-65,14,74,39,-55,-66,11,74,34,-51,-74,9,68,34,-53,-67,7,...
74,42,-58,-75,6,72,32,-60,-71,8,71,26,-60,-76,4,72,35,-58,-72,2,70,34,-59,-76,3,68,32,-55,-74,3,70,32,-58,-77,9,72,33,-60,-74,8,70,30,-67,-67,6,70,33,-61,-72,5,70,34,-59,-75,5,65,31,-60,-75,5,70,32,-62,-75,...
5,70,37,-59,-77,4,71,26,-61,-79,6,70,29,-58,-76,10,69,31,-65,-78,2,66,26,-60,-82,2,66,27,-60,-73,-5,62,26,-65,-80,-4,58,22,-67,-88,-4,59,21,-70,-81,-1,57,22,-66,-85,0,59,19,-65,-84,-1,61,27,-64,-81,-1,65,26,-64,...
-78,1,65,31,-60,-75,-1,67,25,-65,-79,3,68,29,-62,-79,2,69,32,-58,-76,1,67,33,-60,-78,1,68,33,-60,-80,5,66,31,-64,-75,1,67,29,-59,-74,4,62,21,-60,-81,3,67,31,-63,-79,4,69,30,-62,-73,6,64,27,-56,-77,10,71,35,...
-59,-68,4,62,29,-58,-78,12,66,28,-59,-75,12,70,32,-55,-69,4,74,32,-57,-76,1,73,35,-56,-76,9,74,36,-54,-74,13,73,39,-49,-63,12,75,38,-58,-70,16,73,45,-51,-68,7,76,38,-51,-64,9,78,35,-50,-70,12,74,33,-57,-68,9,67,...
36,-58,-74,6,73,35,-60,-68,7,70,32,-62,-73,8,71,29,-67,-76,8,71,36,-60,-77,4,71,28,-55,-73,7,68,31,-53,-79,7,74,33,-66,-71,6,74,30,-55,-77,10,73,34,-55,-71,4,66,33,-63,-66,4,70,35,-59,-77,3,68,29,-55,-77,-1,...
65,32,-59,-74,2,68,32,-65,-72,0,70,33,-64,-74,5,65,31,-61,-79,4,63,30,-60,-82,2,66,29,-64,-78,0,66,27,-64,-81,-1,63,30,-64,-85,1,59,28,-67,-83,-2,61,26,-65,-84,-3,69,26,-65,-87,-3,63,32,-69,-78,-6,64,27,-59,-76,...
-3,65,30,-66,-79,2,66,23,-58,-79,-2,62,28,-59,-73,1,64,31,-62,-71,4,66,31,-62,-72,4,66,30,-61,-75,5,65,28,-62,-75,4,71,30,-65,-78,2,72,27,-64,-77,0,70,28,-65,-73,1,64,31,-59,-76,8,70,32,-62,-73,-1,68,30,-61,...
-76,3,71,36,-59,-73,8,70,32,-60,-79,2,71,32,-55,-71,8,72,32,-56,-69,9,73,36,-55,-70,7,72,36,-59,-72,12,74,40,-57,-70,8,75,40,-52,-73,9,77,38,-53,-69,8,82,46,-51,-68,10,79,40,-55,-71,12,76,36,-53,-72,11,72,36,...
-55,-67,7,75,37,-57,-73,8,73,35,-61,-68,7,70,32,-57,-73,7,65,33,-58,-71,10,75,36,-57,-78,4,75,35,-58,-76,8,73,37,-62,-71,8,67,33,-56,-76,10,68,29,-55,-78,10,66,34,-56,-74,4,70,34,-65,-74,3,74,29,-63,-77,6,63,...
27,-57,-74,7,66,36,-62,-70,0,71,33,-64,-80,1,66,31,-63,-83,1,65,27,-61,-81,4,68,30,-66,-81,1,66,31,-66,-86,1,64,27,-67,-87,0,65,28,-65,-88,-3,62,31,-65,-88,-4,62,20,-63,-83,-2,65,26,-67,-79,-3,68,26,-67,-80,0,...
67,28,-62,-82,0,64,27,-61,-79,1,67,30,-62,-73,9,69,31,-64,-77,1,66,34,-61,-82,4,66,35,-63,-81,2,66,34,-68,-79,6,65,26,-60,-76,1,64,32,-62,-77,0,74,31,-59,-76,4,67,29,-59,-76,1,72,34,-60,-78,9,65,35,-65,-74,...
-1,64,31,-56,-79,6,71,32,-58,-71,3,69,36,-60,-76,5,67,37,-59,-71,5,69,35,-57,-75,6,76,36,-55,-70,11,74,38,-55,-72,10,75,39,-53,-69,8,70,41,-51,-67,11,69,41,-53,-67,14,80,40,-54,-68,12,70,33,-55,-68,8,76,35,-62,...
-71,8,75,40,-58,-70,9,69,32,-59,-74,3,68,32,-63,-71,7,74,33,-59,-77,4,70,32,-64,-69,4,70,31,-59,-73,2,65,29,-71,-73,-1,67,41,-61,-79,6,67,32,-59,-77,7,67,30,-59,-76,6,71,28,-59,-77,7,69,34,-56,-75,2,64,30,...
-61,-74,7,69,26,-59,-78,6,70,30,-59,-80,6,73,26,-60,-78,4,68,35,-65,-75,0,60,27,-66,-79,1,64,25,-63,-84,-4,58,27,-64,-79,-5,63,19,-68,-81,3,62,24,-69,-83,-2,58,21,-68,-83,-1,62,23,-69,-81,-4,59,25,-68,-80,0,59,...
27,-63,-80,1,63,31,-67,-77,3,68,29,-61,-75,5,69,29,-57,-79,-1,64,31,-61,-74,5,65,35,-60,-76,2,69,25,-61,-77,2,67,32,-61,-77,8,65,28,-59,-71,1,66,33,-59,-71,5,63,27,-56,-78,6,71,30,-66,-74,3,66,30,-60,-77,3,...
68,31,-56,-79,8,75,29,-61,-78,3,65,32,-57,-75,4,64,36,-58,-72,6,71,36,-59,-74,9,71,32,-56,-70,8,73,32,-53,-66,14,74,31,-53,-69,7,75,33,-48,-67,5,79,36,-48,-65,7,79,36,-52,-70,9,76,41,-55,-70,9,75,38,-60,-71,...
6,72,35,-60,-76,9,63,34,-60,-72,5,72,28,-59,-73,7,71,32,-59,-75,4,67,28,-63,-72,6,72,33,-60,-71,7,66,32,-60,-74,7,72,31,-59,-74,4,68,34,-59,-74,8,72,30,-63,-79,9,66,31,-58,-75,2,71,37,-62,-75,8,70,29,-57,...
-78,4,61,30,-65,-73,-3,69,31,-60,-82,6,66,28,-61,-74,5,66,32,-63,-76,0,64,28,-59,-75,-5,64,28,-62,-82,0,64,26,-66,-83,-6,62,23,-64,-74,-5,58,24,-63,-81,-4,59,25,-60,-82,-6,64,23,-64,-83,-5,64,29,-68,-79,3,59,24,...
-62,-82,-4,66,30,-67,-80,2,68,32,-64,-75,2,67,30,-59,-74,7,66,28,-56,-81,3,63,33,-65,-76,-2,74,29,-66,-77,3,63,32,-63,-74,3,69,28,-57,-77,3,62,27,-61,-76,7,66,26,-60,-79,4,70,29,-58,-76,1,65,28,-59,-81,4,69,...
28,-58,-76,10,72,34,-60,-71,2,68,29,-55,-77,5,74,31,-59,-78,8,72,30,-55,-77,10,73,34,-57,-76,13,70,37,-61,-75,14,70,37,-58,-70,11,70,41,-52,-69,8,71,42,-52,-72,13,74,41,-53,-67,13,81,39,-59,-69,10,77,36,-53,-69,8,...
73,38,-52,-73,3,71,27,-55,-75,7,73,37,-64,-79,4,69,34,-62,-74,2,72,30,-62,-74,4,72,32,-57,-77,9,71,35,-52,-75,-1,70,32,-57,-72,8,70,34,-53,-72,3,72,35,-59,-73,8,69,36,-59,-69,3,69,34,-58,-73,4,71,30,-58,-77,...
7,69,31,-61,-72,1,70,28,-64,-76,9,63,32,-63,-73,6,71,25,-64,-75,9,67,28,-60,-82,0,64,34,-66,-78,0,62,24,-63,-81,-1,63,26,-67,-81,-9,58,23,-64,-87,-5,60,23,-70,-82,-6,58,18,-66,-81,-4,61,22,-65,-82,2,62,22,-63,...
-81,6,68,29,-63,-80,0,60,32,-66,-77,5,67,29,-62,-74,4,68,32,-58,-77,-1,70,29,-57,-74,0,68,28,-54,-77,4,67,29,-59,-69,0,68,33,-57,-78,3,66,29,-60,-74,4,66,25,-63,-79,4,69,32,-63,-79,6,68,30,-57,-81,4,69,33,...
-60,-78,10,68,28,-58,-75,5,70,34,-57,-74,6,67,28,-54,-76,9,70,29,-55,-71,7,70,35,-53,-72,4,70,41,-50,-71,11,81,37,-64,-68,10,74,28,-58,-67,14,72,40,-55,-67,13,75,39,-55,-66,14,78,38,-52,-65,7,76,40,-50,-70,12,75,...
37,-57,-65,8,73,33,-54,-71,8,70,34,-59,-71,3,67,28,-63,-76,5,71,30,-57,-77,2,67,30,-59,-70,7,70,27,-63,-69,9,66,31,-53,-72,5,66,30,-63,-75,1,73,37,-60,-73,3,72,37,-60,-75,6,72,32,-63,-69,7,70,29,-58,-78,2,...
67,34,-62,-72,1,69,37,-67,-76,3,68,31,-63,-74,3,67,33,-63,-75,-1,68,31,-60,-71,6,68,30,-61,-77,1,64,24,-68,-76,-4,64,26,-68,-84,-2,62,25,-65,-82,-4,60,21,-68,-88,-4,59,19,-70,-79,-3,57,29,-64,-76,0,64,30,-70,-79,...
-5,73,33,-64,-85,2,68,30,-58,-78,2,65,28,-64,-80,3,69,27,-56,-72,6,68,34,-63,-77,6,68,32,-62,-75,5,69,32,-61,-79,5,70,25,-64,-72,2,70,29,-63,-76,2,72,30,-66,-74,-2,66,30,-58,-76,3,65,31,-59,-76,6,72,34,-60,...
-74,7,69,30,-58,-77,14,70,31,-63,-74,3,64,37,-57,-75,4,68,28,-66,-74,6,68,33,-58,-73,5,73,31,-58,-71,6,75,37,-51,-72,8,69,39,-56,-72,10,82,42,-55,-71,8,74,32,-51,-66,11,75,43,-57,-68,6,72,40,-53,-67,10,77,37,...
-58,-68,7,71,36,-53,-76,11,72,34,-61,-70,6,71,34,-65,-73,3,74,30,-59,-73,2,68,32,-57,-74,1,71,31,-56,-75,3,70,30,-55,-77,2,70,28,-54,-77,11,72,35,-59,-73,6,76,33,-61,-78,7,67,33,-59,-74,8,73,33,-62,-73,6,68,...
30,-63,-76,8,69,27,-62,-79,7,68,31,-57,-78,1,66,30,-62,-75,6,65,29,-61,-83,6,61,29,-63,-82,-4,63,25,-58,-76,0,61,26,-65,-80,-2,61,23,-69,-79,-2,63,28,-69,-80,-1,63,25,-64,-81,-3,60,26,-67,-78,-2,58,21,-68,-82,3,...
66,27,-66,-77,4,58,24,-60,-83,3,70,30,-62,-82,7,67,29,-61,-76,4,65,30,-60,-75,5,65,35,-65,-76,4,72,34,-67,-80,2,64,34,-62,-75,4,68,33,-64,-76,5,63,27,-62,-75,4,66,35,-59,-77,3,68,29,-59,-79,5,65,32,-61,-73,...
7,65,33,-62,-75,4,68,30,-56,-77,2,65,35,-59,-70,1,77,30,-51,-70,4,72,35,-57,-75,8,75,38,-57,-72,10,72,30,-55,-67,9,73,37,-51,-69,11,74,37,-54,-67,13,75,37,-57,-72,12,75,36,-54,-64,10,71,35,-53,-68,13,70,34,-53,...
-68,6,69,33,-56,-72,8,74,33,-57,-70,1,70,32,-55,-76,2,70,29,-59,-73,4,66,35,-55,-74,8,70,29,-60,-66,12,73,32,-61,-74,5,73,34,-57,-76,4,71,29,-58,-71,8,69,35,-60,-69,5,69,37,-58,-73,2,73,30,-61,-77,6,64,26,...
-58,-75,3,70,33,-63,-78,8,68,31,-53,-74,5,64,29,-56,-77,6,71,28,-63,-75,0,66,29,-60,-75,1,66,38,-62,-84,3,67,27,-65,-82,1,62,26,-63,-83,1,63,27,-71,-81,0,66,24,-70,-83,0,63,27,-71,-79,-1,62,24,-71,-83,1,65,...
29,-65,-78,-2,67,25,-63,-79,2,62,26,-66,-74,4,69,28,-63,-76,6,66,32,-62,-78,4,67,32,-63,-81,5,63,32,-63,-78,5,63,30,-63,-77,-2,66,30,-60,-77,3,65,25,-57,-78,3,67,29,-59,-76,3,71,31,-60,-76,1,70,36,-61,-75,4,...
67,30,-58,-73,5,68,29,-59,-75,6,71,31,-55,-74,4,70,34,-56,-75,7,70,34,-59,-69,7,73,32,-59,-74,8,70,40,-56,-73,7,75,35,-52,-72,8,79,37,-47,-70,8,75,34,-65,-70,7,74,41,-54,-65,16,75,38,-52,-64,7,75,38,-55,-68,...
12,75,35,-57,-69,9,76,39,-59,-71,2,73,32,-55,-76,6,70,30,-60,-69,1,67,31,-60,-72,9,74,37,-54,-76,6,70,32,-52,-75,5,70,32,-60,-79,9,71,33,-57,-72,2,69,38,-61,-74,5,66,33,-60,-71,10,70,33,-55,-76,5,67,32,-63,...
-72,1,74,35,-65,-76,4,69,29,-62,-78,5,67,34,-61,-80,6,71,28,-61,-85,1,63,27,-60,-78,2,64,27,-60,-81,0,67,25,-62,-82,1,66,33,-64,-79,-2,64,25,-69,-81,0,69,30,-71,-80,2,64,26,-70,-83,-3,61,22,-68,-79,-5,67,25,...
-67,-78,-4,64,30,-67,-79,2,71,27,-62,-79,2,64,33,-64,-78,2,68,33,-63,-71,2,68,30,-59,-71,2,67,31,-58,-72,-1,67,30,-60,-74,1,67,25,-60,-78,4,66,36,-65,-77,-1,65,34,-62,-72,2,66,28,-64,-79,6,70,28,-59,-76,2,69,...
31,-60,-75,2,72,30,-60,-68,4,70,29,-60,-75,7,70,31,-61,-74,4,67,37,-59,-70,1,74,34,-53,-74,7,72,36,-54,-73,10,70,40,-54,-72,9,71,37,-55,-69,11,74,41,-55,-72,15,72,41,-52,-68,15,77,38,-56,-65,14,79,44,-50,-69,12,...
70,31,-55,-71,9,81,34,-65,-71,5,69,34,-56,-76,8,71,33,-57,-78,8,70,27,-59,-72,5,70,30,-59,-71,5,67,30,-54,-73,6,68,34,-61,-72,5,66,27,-59,-72,13,71,33,-62,-75,6,70,36,-59,-76,7,69,31,-59,-74,5,69,31,-63,-79,...
3,72,31,-54,-82,2,70,29,-56,-75,8,66,32,-65,-78,6,68,26,-63,-79,4,68,31,-65,-75,-3,65,34,-62,-77,1,68,24,-68,-76,-4,58,23,-63,-80,-5,63,18,-67,-82,-1,56,25,-71,-80,-6,61,24,-67,-85,-3,62,26,-70,-82,-4,63,29,-67,...
-79,-3,63,30,-67,-77,0,65,29,-67,-78,6,68,28,-59,-82,3,68,34,-55,-80,1,71,28,-59,-73,4,67,33,-63,-77,5,64,32,-65,-75,8,67,32,-61,-74,-1,70,31,-60,-79,5,71,26,-61,-79,4,67,31,-60,-79,2,63,32,-59,-79,5,70,30,...
-62,-80,0,69,30,-55,-77,6,74,34,-63,-74,3,69,35,-58,-76,10,70,33,-58,-74,6,71,37,-60,-70,4,75,36,-56,-75,17,72,34,-56,-72,12,71,38,-56,-73,12,76,40,-53,-68,12,77,43,-55,-71,8,77,40,-52,-68,12,70,39,-54,-71,11,69,...
30,-51,-66,10,76,31,-58,-72,8,70,30,-54,-73,5,71,31,-60,-74,2,67,30,-59,-74,1,69,29,-61,-70,4,71,33,-54,-74,3,69,33,-53,-74,10,71,35,-56,-74,6,68,31,-62,-77,2,73,34,-58,-75,6,71,31,-59,-76,7,63,32,-54,-72,4,...
71,33,-62,-72,0,68,30,-59,-79,3,67,29,-60,-78,4,69,33,-63,-80,5,68,27,-65,-76,1,69,31,-65,-78,-2,64,24,-65,-76,-1,59,21,-64,-84,-4,62,22,-65,-82,-6,58,23,-67,-80,-5,62,25,-68,-78,-1,59,21,-68,-79,-3,65,26,-69,-80,...
-3,61,24,-61,-81,0,65,30,-67,-83,-2,68,30,-60,-79,2,67,35,-62,-78,5,68,34,-59,-78,0,69,27,-59,-73,4,68,29,-63,-78,7,68,29,-64,-77,6,68,33,-64,-77,0,67,36,-67,-74,-1,64,34,-62,-78,4,70,28,-58,-76,5,68,35,-65,...
-76,6,67,33,-64,-74,4,64,30,-60,-76,7,72,34,-59,-78,6,71,34,-60,-73,4,72,36,-60,-73,7,74,33,-52,-73,6,77,37,-60,-72,12,75,39,-55,-70,8,75,40,-56,-72,11,78,41,-49,-70,13,74,40,-44,-70,10,73,45,-55,-68,16,77,35,...
-51,-72,10,74,33,-55,-74,2,71,35,-63,-75,7,73,38,-57,-69,4,73,36,-60,-76,3,66,31,-61,-71,6,72,34,-58,-76,9,74,35,-58,-78,5,74,33,-63,-72,5,73,30,-54,-70,8,70,35,-59,-72,8,74,30,-61,-71,8,70,37,-61,-74,13,70,...
31,-60,-71,6,69,19,-63,-73,3,69,38,-61,-72,-1,72,35,-64,-76,3,71,31,-62,-73,4,68,31,-60,-80,3,60,30,-66,-77,1,57,26,-65,-80,-3,61,27,-64,-76,-5,64,27,-67,-83,0,66,26,-68,-83,-2,62,24,-70,-84,-1,64,18,-68,-81,3,...
69,27,-62,-84,1,64,21,-61,-78,4,64,30,-59,-76,1,71,25,-57,-78,2,71,24,-59,-74,1,69,34,-57,-76,0,67,30,-61,-79,0,65,26,-60,-73,2,67,27,-62,-77,7,63,31,-65,-80,-1,65,31,-61,-83,4,71,31,-56,-80,4,68,33,-61,-74,...
1,77,31,-60,-72,3,70,28,-59,-74,10,71,36,-62,-74,3,73,38,-60,-73,2,67,35,-57,-76,3,75,34,-55,-76,2,69,37,-57,-66,8,71,35,-51,-68,9,75,34,-52,-71,8,73,38,-49,-67,11,75,33,-53,-73,10,74,38,-55,-72,13,71,37,-56,...
-68,9,77,34,-61,-71,10,71,34,-55,-75,5,71,36,-54,-75,7,71,36,-53,-76,5,69,33,-61,-73,3,67,32,-61,-73,9,72,29,-57,-70,4,67,31,-58,-78,2,67,34,-57,-76,10,71,39,-57,-74,7,69,41,-62,-70,3,74,31,-60,-75,-1,69,29,...
-57,-76,4,66,33,-59,-73,2,70,35,-65,-71,10,68,33,-57,-76,0,65,33,-57,-77,6,66,25,-64,-79,-1,65,32,-67,-73,-4,62,23,-64,-83,-1,62,20,-75,-81,-1,61,25,-64,-82,-5,60,22,-64,-82,0,64,23,-64,-84,-5,60,28,-67,-80,-2,60,...
21,-67,-83,1,65,28,-62,-77,-1,66,28,-66,-80,3,65,31,-64,-77,6,70,38,-62,-75,5,70,37,-63,-77,5,74,28,-56,-79,8,69,36,-57,-72,4,70,31,-61,-78,5,64,28,-61,-81,3,66,28,-60,-76,6,69,32,-66,-77,1,64,29,-61,-77,7,...
72,32,-60,-73,2,68,26,-60,-70,5,73,32,-63,-72,4,66,30,-60,-74,4,69,36,-59,-68,3,70,31,-62,-74,2,75,28,-52,-71,11,75,36,-64,-69,8,76,41,-55,-71,13,75,42,-50,-67,12,73,41,-52,-68,12,76,40,-54,-67,15,75,34,-55,-69,...
8,73,41,-59,-66,9,73,34,-55,-69,6,71,37,-56,-72,10,68,35,-58,-74,9,70,30,-56,-78,7,72,29,-60,-76,7,71,37,-62,-75,3,69,30,-55,-75,7,75,34,-60,-74,7,70,31,-54,-78,8,71,32,-55,-78,3,71,30,-60,-76,0,73,34,-60,...
-75,7,73,31,-68,-74,2,66,33,-64,-74,3,72,29,-66,-77,3,67,26,-62,-76,2,67,34,-61,-78,-4,64,25,-61,-83,6,68,28,-61,-83,2,63,25,-71,-81,-2,61,27,-63,-82,-6,64,20,-69,-79,-5,62,20,-69,-81,-5,57,22,-74,-84,-7,59,28,...
-70,-83,3,61,21,-62,-78,1,62,27,-54,-81,3,76,27,-59,-74,1,68,30,-59,-77,4,71,30,-60,-73,0,74,26,-54,-77,5,66,28,-64,-80,2,65,28,-61,-79,-2,66,34,-62,-72,5,71,29,-57,-79,4,67,29,-60,-77,4,67,30,-62,-73,2,66,...
35,-58,-79,5,72,35,-64,-76,6,68,33,-58,-75,7,70,33,-61,-76,1,68,38,-58,-70,3,74,35,-58,-75,10,71,32,-56,-70,8,77,34,-52,-66,5,74,36,-54,-71,10,75,38,-59,-67,13,75,39,-54,-60,13,72,43,-58,-66,12,79,38,-52,-70,14,...
72,36,-54,-71,12,74,36,-53,-72,11,74,30,-58,-70,9,73,35,-61,-74,3,70,31,-55,-78,1,68,30,-61,-73,8,70,33,-60,-75,8,72,32,-66,-71,4,67,28,-50,-74,17,71,32,-55,-71,2,69,35,-62,-71,3,67,34,-60,-74,5,74,31,-59,-70,...
3,69,37,-64,-76,9,71,29,-61,-75,7,66,25,-60,-74,-1,68,30,-60,-75,4,66,28,-60,-75,-2,63,29,-59,-78,0,70,30,-66,-76,4,63,28,-66,-76,-4,61,20,-74,-81,1,63,26,-70,-82,-1,65,23,-70,-80,-2,61,23,-69,-82,0,58,19,-62,...
-81,-3,64,27,-67,-80,-4,64,30,-64,-80,0,67,27,-61,-74,0,69,34,-55,-76,3,64,29,-57,-71,4,68,29,-61,-76,7,67,33,-59,-75,-1,65,31,-64,-78,2,68,29,-64,-73,-5,66,31,-64,-75,7,73,37,-64,-75,3,64,32,-59,-76,5,66,29,...
-59,-79,7,68,35,-65,-72,4,65,29,-57,-74,7,65,34,-61,-68,1,67,30,-59,-68,6,66,34,-59,-72,2,69,37,-60,-70,3,73,38,-52,-66,8,72,38,-55,-69,10,72,36,-48,-68,15,73,36,-57,-68,15,74,35,-54,-71,13,72,34,-47,-73,12,73,...
39,-57,-66,8,76,39,-57,-71,7,73,37,-57,-71,8,71,35,-57,-70,0,66,37,-61,-80,7,69,28,-59,-74,5,67,29,-55,-74,5,64,28,-60,-77,3,64,28,-60,-69,3,68,33,-52,-77,6,69,33,-59,-71,5,72,33,-62,-71,8,74,33,-55,-69,-1,...
70,27,-57,-70,0,69,27,-62,-78,4,64,29,-57,-75,-1,66,29,-61,-72,2,68,33,-63,-77,2,67,29,-58,-76,3,66,27,-65,-77,4,58,29,-63,-79,-1,64,24,-64,-77,-10,60,22,-64,-82,-2,60,20,-61,-81,-10,58,23,-63,-80,-3,63,26,-66,-84,...
-4,59,28,-69,-82,2,65,24,-61,-79,-2,62,26,-60,-78,5,62,26,-65,-81,1,66,35,-62,-77,5,67,32,-61,-77,4,67,29,-55,-77,7,66,33,-62,-77,6,66,34,-63,-74,3,68,30,-57,-74,-1,65,31,-56,-81,6,65,31,-61,-75,0,67,33,-57,...
-79,3,66,27,-62,-71,5,68,34,-63,-70,6,70,29,-59,-70,10,73,37,-58,-76,8,69,31,-58,-76,9,71,37,-57,-72,6,74,31,-53,-74,5,73,35,-56,-66,9,70,34,-48,-66,7,78,35,-51,-65,12,76,35,-54,-66,13,75,39,-51,-66,7,77,39,...
-51,-69,12,76,34,-55,-71,10,73,38,-58,-67,7,70,32,-56,-71,4,72,34,-62,-72,1,69,36,-61,-72,8,77,30,-58,-76,7,70,36,-57,-73,5,66,32,-59,-73,7,65,36,-58,-69,7,70,34,-60,-72,6,69,29,-56,-71,8,66,33,-57,-71,2,67,...
33,-62,-76,3,71,25,-58,-72,4,66,32,-63,-73,14,68,27,-61,-77,5,65,28,-60,-76,7,66,27,-61,-78,2,67,33,-67,-75,-2,65,27,-65,-81,-3,66,26,-66,-81,-4,64,23,-66,-85,0,63,29,-68,-78,-4,63,26,-70,-81,-1,62,26,-66,-78,0,...
58,22,-62,-81,1,68,25,-65,-82,5,63,30,-64,-77,6,66,26,-60,-77,0,68,28,-55,-75,4,67,33,-63,-77,3,69,30,-63,-78,8,68,28,-60,-76,1,66,29,-64,-74,-1,65,30,-64,-68,4,66,31,-61,-80,3,73,26,-62,-78,3,69,33,-62,-73,...
4,65,33,-60,-73,2,61,27,-59,-75,4,69,29,-62,-74,7,68,30,-61,-74,0,71,38,-58,-71,2,70,35,-60,-79,8,75,33,-56,-73,11,70,34,-58,-70,7,78,35,-53,-69,10,76,32,-52,-68,8,75,39,-53,-65,11,77,33,-52,-67,13,78,37,-51,...
-72,11,72,42,-54,-72,9,71,38,-47,-75,7,71,37,-59,-70,7,65,34,-59,-76,5,72,32,-57,-74,1,65,32,-57,-73,10,69,30,-60,-72,5,70,30,-56,-75,10,64,29,-56,-75,7,70,34,-55,-71,1,69,29,-56,-72,3,73,34,-59,-73,1,75,35,...
-59,-73,8,72,30,-55,-75,1,67,32,-58,-76,2,63,31,-61,-74,3,70,28,-62,-77,-3,69,32,-62,-71,1,66,22,-62,-78,2,65,28,-63,-79,3,61,27,-64,-82,-2,64,23,-66,-78,-1,61,24,-68,-80,-4,62,21,-68,-85,-3,65,21,-71,-78,-2,60,...
23,-66,-81,2,63,31,-66,-83,10,65,22,-63,...

