<-- wq_vtb_adc_data_format_print --> idx 21146, len 6407, phase 0
1,66,30,-63,-73,1,68,30,-56,-78,7,74,34,-65,-75,2,70,36,-56,-74,3,70,33,-63,-73,3,71,32,-61,-72,5,65,39,-63,-86,4,69,33,-64,-80,1,66,26,-59,-79,3,67,28,-63,-82,3,68,33,-66,-79,4,68,29,-57,-80,-4,65,24,-68,...
-87,-6,65,21,-68,-78,0,65,25,-65,-86,-19,62,22,-71,-90,-4,62,24,-72,-84,-4,65,22,-69,-83,0,62,25,-70,-83,-5,62,24,-64,-83,-3,65,33,-60,-76,0,61,24,-64,-76,0,70,31,-61,-80,0,66,35,-60,-81,4,64,34,-68,-77,5,68,34,...
-64,-76,-4,71,27,-62,-81,6,66,30,-63,-85,-1,67,21,-65,-80,4,69,28,-63,-77,3,62,27,-62,-78,1,65,28,-59,-77,7,68,33,-65,-75,3,66,29,-62,-76,3,65,27,-59,-80,7,69,34,-57,-76,8,72,37,-64,-82,8,73,36,-59,-73,8,74,...
29,-59,-70,7,73,45,-52,-68,11,71,41,-54,-75,10,74,35,-54,-78,7,77,36,-54,-69,9,75,37,-59,-67,5,74,40,-58,-71,6,72,37,-58,-75,0,71,33,-57,-79,10,74,34,-64,-79,2,70,31,-61,-75,5,67,34,-58,-77,4,71,31,-58,-77,0,...
73,33,-67,-76,5,69,41,-61,-72,7,67,33,-61,-76,8,67,36,-58,-80,8,70,39,-60,-80,3,72,30,-61,-80,4,67,31,-61,-81,3,68,31,-69,-75,-1,68,33,-67,-82,4,69,34,-59,-79,0,65,31,-65,-79,3,70,30,-64,-83,2,67,26,-62,-83,...
-1,65,20,-65,-82,0,63,26,-64,-86,-8,58,21,-72,-84,-9,65,23,-67,-87,-9,59,21,-68,-81,-8,62,23,-64,-82,1,65,25,-66,-87,2,67,28,-70,-83,3,67,34,-63,-81,3,64,29,-62,-80,-1,65,27,-57,-75,-1,65,39,-63,-78,2,68,28,-67,...
-78,5,67,36,-64,-81,-1,73,30,-69,-83,4,69,30,-61,-85,-1,71,33,-63,-76,1,66,30,-61,-80,5,70,30,-64,-78,1,73,28,-63,-76,4,73,30,-60,-79,8,73,34,-62,-75,2,68,29,-58,-77,8,72,29,-60,-75,8,74,29,-63,-76,3,72,30,...
-57,-74,9,71,41,-57,-72,8,76,37,-57,-73,9,80,36,-58,-69,10,80,37,-52,-69,8,73,44,-54,-69,7,79,40,-60,-73,7,75,30,-58,-77,12,73,35,-58,-73,3,69,35,-55,-77,6,70,31,-53,-79,0,68,30,-65,-73,5,74,30,-62,-77,2,66,...
35,-62,-76,3,68,28,-57,-74,4,64,31,-59,-78,7,70,34,-64,-76,4,65,34,-62,-75,-1,70,37,-64,-79,2,72,28,-57,-76,7,64,28,-62,-79,7,68,26,-62,-81,-1,68,36,-61,-77,7,67,26,-63,-78,2,62,26,-57,-83,-5,64,26,-63,-82,8,...
64,28,-67,-80,-5,68,24,-67,-82,-8,62,22,-70,-80,-5,61,22,-72,-86,-7,64,26,-71,-85,-1,59,24,-66,-79,-5,61,24,-68,-88,-1,63,34,-66,-82,-2,64,30,-63,-77,0,76,32,-66,-77,4,62,26,-63,-79,2,69,31,-63,-78,-5,69,28,-63,-76,...
2,69,34,-57,-83,3,65,30,-67,-79,-3,72,33,-63,-86,0,71,30,-62,-80,3,65,32,-61,-76,-1,67,28,-58,-76,2,71,35,-63,-77,2,69,30,-61,-76,1,74,34,-59,-80,8,70,33,-59,-73,9,74,32,-62,-74,9,73,39,-58,-76,4,66,33,-59,...
-70,5,78,34,-53,-77,6,77,35,-51,-70,7,76,40,-52,-75,12,70,39,-55,-71,11,78,34,-52,-68,10,73,38,-51,-71,7,67,33,-57,-71,8,77,31,-57,-73,-1,73,37,-59,-76,2,65,32,-58,-75,6,70,34,-61,-76,1,70,29,-64,-74,8,68,33,...
-61,-78,7,71,32,-59,-76,5,71,36,-61,-79,0,70,31,-62,-73,4,73,37,-64,-80,-1,72,34,-65,-77,0,73,32,-57,-76,9,67,30,-60,-74,-3,68,30,-63,-75,0,65,32,-64,-77,0,69,32,-66,-77,5,67,31,-65,-79,-2,62,31,-70,-80,3,66,...
27,-74,-79,3,67,29,-71,-82,-1,64,23,-71,-90,-4,65,25,-69,-82,-1,62,28,-71,-86,-3,66,29,-72,-85,-2,69,23,-63,-83,-1,63,23,-69,-82,9,68,25,-65,-80,5,69,33,-63,-81,5,65,30,-63,-77,1,69,30,-60,-79,2,68,31,-61,-83,3,...
66,33,-60,-77,3,67,29,-63,-80,5,65,29,-60,-79,3,68,27,-62,-79,6,67,32,-62,-76,0,68,34,-61,-77,1,72,33,-61,-80,4,69,29,-62,-77,2,66,29,-59,-74,-1,71,34,-60,-79,7,66,30,-58,-77,5,68,33,-58,-76,4,72,37,-59,-74,...
10,70,34,-56,-69,12,75,39,-59,-65,18,74,44,-59,-70,12,72,41,-51,-68,11,78,39,-55,-69,10,75,33,-54,-72,10,77,34,-52,-78,8,78,31,-64,-73,7,72,30,-56,-78,2,70,32,-60,-68,1,68,31,-65,-83,3,77,31,-55,-72,0,69,33,-63,...
-80,8,72,33,-59,-77,3,68,26,-59,-77,2,68,34,-57,-73,5,70,32,-59,-79,6,69,33,-59,-77,4,71,34,-68,-74,-1,69,36,-66,-80,-3,69,34,-63,-73,-1,69,31,-63,-76,-2,67,33,-66,-80,5,67,28,-65,-76,0,66,29,-67,-82,3,63,28,...
-63,-86,-4,66,27,-65,-84,-6,62,37,-69,-82,-3,61,22,-73,-83,-3,62,25,-68,-88,-1,64,25,-68,-81,-2,62,26,-68,-85,-10,58,27,-70,-75,-4,63,26,-64,-82,1,67,28,-68,-78,4,70,30,-63,-73,4,68,30,-65,-77,5,70,24,-60,-72,0,72,...
25,-64,-78,-1,69,31,-65,-78,-2,66,29,-62,-81,2,72,28,-60,-81,1,70,28,-66,-79,-1,68,34,-60,-83,6,72,36,-62,-76,8,67,36,-61,-79,4,66,33,-60,-73,3,69,35,-63,-79,7,71,31,-64,-77,5,71,28,-56,-73,6,71,37,-62,-73,9,...
74,37,-58,-66,3,79,39,-66,-75,10,79,40,-58,-73,9,75,43,-56,-63,14,80,41,-54,-69,13,77,36,-53,-74,12,73,35,-54,-74,10,71,35,-54,-78,5,74,39,-60,-75,14,74,35,-62,-80,4,69,30,-56,-77,-1,65,28,-62,-68,5,72,34,-66,-79,...
11,69,26,-59,-76,3,70,29,-59,-78,3,67,34,-58,-76,5,71,30,-59,-79,4,70,33,-60,-75,1,66,33,-59,-79,6,73,30,-53,-75,5,70,29,-60,-74,1,63,29,-61,-75,3,79,33,-63,-77,2,69,29,-64,-78,14,66,34,-65,-78,-1,62,28,-69,...
-83,0,66,28,-72,-84,-6,64,26,-66,-84,-6,61,20,-67,-84,-3,65,19,-70,-86,-6,61,24,-70,-83,0,64,28,-66,-76,-7,66,27,-68,-84,-1,64,29,-62,-80,3,61,28,-67,-84,-2,68,28,-60,-80,3,72,26,-63,-77,3,66,28,-65,-79,4,68,32,...
-63,-71,3,73,30,-62,-77,0,73,33,-65,-78,3,70,29,-60,-77,-1,70,27,-66,-74,1,74,30,-62,-78,6,71,26,-60,-77,5,67,28,-63,-77,4,67,31,-59,-79,7,70,38,-61,-76,4,76,32,-56,-78,3,73,34,-60,-75,2,69,36,-60,-72,3,74,...
34,-57,-71,4,75,38,-57,-73,12,77,36,-51,-81,15,79,41,-54,-70,13,77,46,-55,-73,15,75,35,-55,-75,11,72,37,-59,-73,6,74,37,-55,-75,9,74,36,-58,-75,4,69,33,-60,-74,4,66,30,-66,-74,12,71,33,-62,-77,7,79,32,-60,-72,4,...
67,33,-59,-74,4,71,32,-60,-74,2,70,30,-59,-81,5,74,36,-62,-76,6,70,36,-62,-74,5,70,35,-66,-76,-1,64,34,-68,-74,3,70,26,-67,-75,2,70,36,-66,-81,1,67,30,-65,-78,6,70,32,-70,-79,-3,66,29,-60,-82,3,70,26,-65,-87,...
-4,60,22,-66,-82,-5,65,25,-73,-87,4,63,29,-64,-89,-6,63,21,-73,-83,-6,61,26,-73,-82,-3,64,20,-71,-82,-4,65,28,-59,-81,2,60,27,-65,-80,-5,65,32,-69,-79,5,67,30,-63,-77,0,73,29,-60,-78,0,70,27,-66,-77,4,68,30,-61,...
-75,4,68,34,-66,-78,4,72,27,-58,-79,7,66,28,-60,-81,3,64,29,-65,-82,5,73,35,-65,-74,1,64,29,-60,-81,8,72,26,-62,-78,7,72,35,-60,-81,5,74,34,-63,-73,-1,67,30,-58,-79,8,68,31,-61,-77,4,69,36,-62,-73,7,76,34,...
-55,-71,6,78,36,-60,-74,13,72,39,-57,-72,9,71,37,-51,-66,11,80,37,-53,-69,12,76,35,-51,-68,13,80,42,-58,-71,12,76,37,-60,-74,10,73,35,-60,-79,2,71,34,-61,-79,8,71,35,-60,-79,3,67,27,-64,-78,4,74,35,-63,-78,1,74,...
31,-58,-83,5,65,33,-56,-81,3,72,35,-58,-78,7,67,29,-59,-80,3,69,31,-64,-78,2,74,33,-64,-74,1,74,29,-61,-80,5,71,31,-58,-76,8,67,27,-59,-76,0,69,31,-58,-80,5,72,29,-60,-86,3,66,29,-68,-78,-3,62,26,-65,-79,-4,...
60,27,-67,-81,-3,63,22,-69,-87,-1,63,29,-68,-89,-1,62,24,-67,-84,-13,64,21,-74,-87,-3,66,22,-71,-83,-4,61,31,-65,-84,-1,65,26,-63,-83,5,62,26,-70,-79,-1,66,32,-63,-79,6,69,33,-57,-78,0,69,26,-59,-78,5,68,30,-64,-82,...
2,72,33,-64,-77,3,70,27,-62,-79,4,66,27,-62,-80,0,64,30,-59,-79,5,67,31,-62,-71,1,72,33,-58,-78,4,71,32,-65,-76,3,69,30,-65,-77,5,68,37,-58,-79,0,73,33,-58,-79,7,69,33,-55,-76,5,72,38,-60,-71,0,73,38,-58,...
-73,10,68,39,-60,-70,12,74,37,-51,-74,9,79,34,-53,-69,11,80,34,-50,-69,9,79,36,-54,-66,11,77,40,-56,-71,9,78,33,-58,-73,13,73,37,-58,-71,7,64,36,-63,-75,9,72,31,-64,-77,7,76,35,-61,-80,4,64,28,-59,-73,1,73,34,...
-64,-74,6,73,35,-62,-76,8,69,30,-63,-76,4,72,36,-56,-75,2,71,34,-58,-80,1,76,33,-53,-73,7,71,28,-64,-77,6,67,31,-63,-82,2,70,25,-59,-78,4,73,29,-61,-80,0,68,30,-58,-77,2,73,34,-61,-84,2,69,30,-73,-82,0,66,...
25,-68,-80,-1,68,27,-71,-88,1,66,21,-69,-85,-7,64,22,-67,-88,-7,65,21,-68,-84,-4,61,22,-67,-83,-2,67,29,-68,-81,-6,63,28,-62,-84,1,69,26,-61,-79,0,66,33,-65,-79,4,72,35,-65,-80,6,68,33,-61,-76,0,70,30,-62,-80,-1,...
70,36,-69,-79,-3,64,36,-68,-79,5,71,28,-56,-83,4,73,30,-62,-80,6,72,32,-64,-76,5,66,31,-63,-84,5,74,37,-66,-76,2,70,28,-64,-77,1,66,34,-59,-75,8,72,34,-59,-74,-1,66,37,-62,-73,4,72,36,-61,-74,5,77,31,-57,-74,...
6,72,33,-58,-72,11,70,44,-62,-73,11,75,41,-61,-71,14,75,39,-58,-69,16,78,43,-58,-70,12,78,38,-55,-70,7,75,40,-60,-71,8,74,38,-56,-76,9,70,38,-58,-75,-2,69,33,-55,-75,3,67,28,-64,-74,6,68,29,-62,-83,3,71,29,-60,...
-76,-1,69,32,-62,-78,8,75,36,-63,-76,7,75,31,-60,-77,4,73,36,-59,-74,6,78,36,-67,-78,9,73,33,-65,-79,3,76,32,-62,-79,5,73,28,-62,-83,8,66,30,-63,-78,1,67,34,-58,-80,7,65,29,-65,-81,-2,66,25,-64,-82,-1,70,30,...
-66,-79,1,68,27,-63,-88,-3,64,24,-67,-85,-4,60,24,-65,-83,-3,61,20,-68,-85,-3,64,21,-67,-88,2,65,29,-68,-85,-3,69,28,-66,-81,-2,66,31,-66,-78,-3,70,27,-63,-80,2,63,32,-61,-79,5,68,32,-64,-76,3,67,35,-65,-78,3,66,...
32,-62,-79,1,70,30,-54,-80,0,66,36,-64,-79,1,71,30,-67,-76,2,65,31,-63,-80,7,68,36,-55,-78,1,71,27,-61,-82,2,71,35,-59,-77,8,70,34,-64,-74,2,68,32,-60,-79,4,69,32,-61,-75,6,75,34,-61,-75,2,64,31,-60,-73,9,...
74,35,-60,-75,6,75,37,-54,-73,8,75,38,-54,-75,7,74,39,-57,-72,11,73,43,-54,-69,13,80,39,-55,-63,15,79,39,-56,-72,6,78,36,-58,-72,4,72,37,-56,-76,9,72,38,-60,-81,6,73,32,-51,-77,1,66,32,-53,-79,4,69,35,-61,-73,...
3,75,35,-64,-84,9,72,36,-61,-77,9,71,34,-62,-76,10,76,34,-61,-74,6,67,37,-59,-73,2,66,28,-57,-77,2,72,31,-60,-78,6,70,31,-62,-77,5,66,35,-66,-75,6,67,27,-64,-76,2,69,27,-64,-79,6,71,31,-65,-74,-3,68,33,-63,...
-81,-3,62,21,-67,-82,-5,60,22,-71,-83,1,63,25,-71,-85,1,62,26,-71,-88,-4,62,27,-70,-82,0,65,35,-69,-85,-4,69,25,-70,-87,3,65,28,-64,-86,8,68,33,-67,-79,-1,68,24,-64,-80,2,67,35,-67,-82,6,68,33,-61,-78,1,67,35,...
-65,-73,0,71,28,-52,-78,9,69,32,-58,-83,5,64,37,-63,-77,1,65,33,-70,-78,-2,66,30,-60,-78,6,70,33,-64,-84,5,71,36,-58,-76,14,70,31,-62,-77,0,69,35,-57,-79,10,72,31,-63,-71,4,70,37,-64,-74,5,74,36,-58,-69,8,65,...
37,-61,-75,12,74,38,-55,-70,11,75,37,-60,-67,12,79,35,-55,-70,9,74,35,-51,-68,7,76,40,-51,-74,17,75,36,-53,-70,9,76,36,-51,-75,10,72,35,-61,-74,8,71,36,-58,-73,4,74,33,-61,-78,4,67,30,-63,-76,2,66,31,-63,-78,6,...
73,31,-57,-81,3,71,34,-58,-78,7,71,27,-63,-77,1,69,29,-60,-69,8,69,35,-61,-74,2,71,38,-56,-76,1,72,32,-61,-81,5,70,30,-63,-74,1,67,32,-63,-80,7,69,30,-62,-81,4,65,30,-62,-83,6,63,27,-65,-80,-2,67,28,-62,-84,...
-1,63,26,-68,-82,-1,61,23,-71,-79,2,68,29,-64,-91,-1,65,26,-67,-84,-2,61,24,-70,-88,-9,66,22,-68,-83,-3,62,29,-64,-89,2,66,25,-65,-84,-1,65,26,-61,-76,0,64,34,-65,-81,5,71,34,-64,-80,6,69,31,-59,-76,4,66,33,-58,...
-81,5,71,34,-63,-79,5,65,29,-63,-78,1,66,26,-63,-82,5,68,25,-64,-80,6,68,28,-62,-79,-1,70,35,-63,-80,8,69,34,-60,-77,3,69,30,-59,-76,3,65,34,-60,-78,8,74,35,-64,-74,5,72,35,-63,-81,7,73,36,-59,-76,1,76,34,...
-57,-72,4,75,40,-55,-69,8,67,38,-59,-70,12,74,42,-54,-74,10,81,41,-65,-72,17,72,40,-61,-68,13,78,33,-55,-74,15,73,36,-52,-76,11,78,39,-58,-72,8,76,32,-60,-73,5,71,36,-59,-74,7,67,29,-63,-78,3,71,36,-59,-80,0,69,...
29,-63,-72,5,68,31,-61,-77,150,539,708,726,781,867,933,835,689,588,576,547,404,204,84,63,76,35,-66,-81,7,65,30,-59,-81,6,69,24,-64,-78,-1,68,29,-68,-77,-1,66,31,-63,-83,4,67,29,-69,-81,2,67,30,-64,-77,3,68,28,-67,-85,1,...
66,25,-65,-92,-1,63,21,-81,-85,-2,65,29,-68,-92,-3,65,25,-65,-90,-3,61,20,-69,-87,-5,63,22,-69,-89,-3,62,28,-78,-84,-8,61,22,-71,-84,-3,68,28,-65,-80,-3,69,32,-69,-77,1,66,29,-67,-85,1,64,38,-69,-78,6,63,27,-63,-81,...
0,67,26,-68,-81,1,67,25,-66,-82,3,65,20,-62,-77,1,61,25,-61,-84,-3,70,29,-66,-77,3,66,25,-63,-83,6,65,28,-61,-80,-3,63,29,-61,-80,0,61,30,-61,-81,-2,67,29,-59,-75,-2,68,29,-61,-79,6,61,26,-59,-80,2,69,32,-60,...
-72,7,75,37,-63,-74,9,74,34,-54,-72,5,76,38,-59,-75,8,75,37,-58,-74,9,75,36,-55,-72,12,76,34,-56,-73,4,79,32,-65,-75,4,66,34,-58,-77,6,73,35,-59,-79,2,71,29,-61,-78,-1,72,35,-65,-80,0,67,30,-69,-75,7,70,27,...
-64,-76,3,74,32,-64,-82,-1,66,30,-63,-80,7,69,29,-63,-76,2,70,35,-60,-81,1,72,36,-62,-82,4,65,30,-61,-79,2,68,28,-65,-80,5,69,31,-67,-79,0,66,33,-65,-77,-3,65,25,-65,-77,2,64,27,-64,-86,-2,69,27,-68,-86,1,68,...
26,-66,-86,-4,63,22,-71,-81,-3,64,28,-69,-89,-3,60,24,-72,-86,-3,59,22,-62,-89,-9,56,19,-74,-85,-7,61,25,-73,-86,-3,69,23,-67,-77,0,63,30,-70,-85,-6,67,28,-65,-84,4,70,26,-62,-78,1,66,28,-66,-74,2,67,29,-68,-78,0,...
71,24,-62,-82,0,60,33,-64,-80,-6,71,26,-63,-80,3,70,25,-66,-82,-1,66,30,-69,-77,5,68,29,-63,-81,-1,61,26,-70,-78,2,63,27,-59,-82,-1,66,28,-56,-78,-1,68,32,-62,-77,6,71,33,-62,-79,-2,74,38,-64,-80,9,68,29,-59,-76,...
4,75,35,-58,-73,11,75,31,-56,-78,7,71,40,-59,-73,10,75,34,-57,-71,5,73,41,-53,-72,10,73,40,-56,-75,7,72,34,-62,-80,7,67,33,-61,-75,5,70,23,-59,-77,2,70,31,-64,-77,4,71,33,-61,-81,0,68,31,-63,-79,5,66,27,-63,...
-74,3,69,32,-60,-81,4,66,27,-53,-75,2,66,31,-58,-79,4,72,32,-61,-77,1,69,27,-61,-77,2,71,34,-62,-75,0,69,32,-65,-81,3,69,27,-62,-79,0,65,28,-62,-74,3,64,23,-63,-81,2,68,29,-69,-75,3,66,26,-66,-81,-3,66,25,...
-67,-83,2,66,23,-65,-87,-3,70,22,-71,-80,0,59,27,-77,-88,-9,59,18,-77,-90,-3,58,23,-73,-87,-5,58,20,-67,-82,-4,67,22,-70,-84,-1,66,23,-71,-83,-4,69,27,-68,-83,4,67,26,-66,-81,8,64,26,-68,-76,5,60,32,-64,-80,1,68,...
26,-66,-80,4,66,23,-67,-80,-1,63,30,-64,-82,0,65,25,-62,-80,4,69,30,-65,-81,1,68,30,-64,-83,3,64,33,-64,-80,-2,69,36,-62,-80,2,70,32,-65,-81,2,66,32,-68,-80,2,72,30,-62,-83,3,71,31,-59,-79,6,71,31,-61,-79,12,...
67,32,-58,-75,2,72,37,-63,-73,7,76,36,-53,-64,6,74,36,-58,-74,12,75,40,-59,-75,8,78,37,-52,-72,7,73,39,-60,-81,7,75,30,-59,-81,12,75,29,-65,-75,6,71,30,-59,-71,4,67,27,-68,-78,6,73,33,-57,-77,2,70,35,-61,-80,...
2,65,27,-63,-76,1,69,30,-62,-77,8,70,33,-63,-81,8,73,33,-62,-74,3,70,33,-65,-76,5,67,24,-60,-75,2,67,30,-59,-82,5,69,28,-60,-81,2,69,29,-64,-77,1,69,23,-67,-78,-2,65,30,-61,-80,5,67,34,-64,-80,1,63,26,-68,...
-80,-1,60,22,-68,-83,2,63,24,-72,-90,-6,62,19,-68,-84,-4,62,22,-71,-83,-5,60,28,-70,-84,-6,62,21,-72,-85,-3,66,27,-72,-83,-3,63,31,-69,-86,-2,66,25,-69,-81,0,70,26,-65,-75,-2,69,28,-61,-80,-2,70,27,-60,-81,3,70,31,...
-60,-81,0,69,30,-67,-77,7,68,25,-64,-82,2,65,31,-66,-81,4,69,30,-63,-80,4,70,25,-65,-79,5,65,23,-59,-81,0,64,31,-62,-79,0,65,27,-62,-79,0,65,30,-66,-78,1,69,28,-61,-79,3,70,26,-60,-80,6,70,32,-57,-78,6,74,...
32,-61,-75,6,67,31,-60,-71,9,75,33,-57,-77,7,74,39,-59,-68,7,77,33,-57,-69,7,78,40,-48,-74,9,80,42,-57,-74,6,72,41,-61,-74,10,75,35,-61,-78,8,71,32,-58,-75,6,72,35,-58,-76,0,69,29,-68,-78,5,71,31,-59,-72,-2,...
68,32,-63,-84,3,65,28,-56,-77,1,64,25,-62,-77,1,70,30,-60,-81,2,73,33,-62,-73,4,70,31,-63,-76,1,68,31,-63,-78,2,69,31,-67,-80,-2,72,31,-65,-79,7,64,18,-61,-77,6,64,28,-64,-78,1,68,31,-64,-83,5,68,28,-65,-80,...
1,63,24,-70,-81,1,59,22,-65,-86,-5,60,23,-68,-84,-1,64,25,-70,-85,-1,67,20,-73,-84,-3,61,23,-75,-84,-4,63,27,-74,-84,2,69,20,-67,-83,0,61,23,-70,-84,4,68,24,-67,-77,-1,67,30,-62,-81,2,64,31,-65,-78,0,67,24,-66,...
-80,-1,65,27,-69,-78,4,64,36,-68,-81,-3,69,31,-65,-81,3,73,37,-66,-82,-3,67,31,-62,-81,2,70,31,-67,-77,4,67,36,-65,-79,5,69,30,-61,-79,0,72,27,-68,-80,6,66,28,-66,-77,3,67,29,-60,-81,6,73,27,-62,-75,8,72,32,...
-58,-73,4,71,38,-59,-67,8,75,32,-54,-71,13,75,37,-52,-71,7,72,37,-57,-71,13,79,39,-54,-68,6,77,40,-58,-74,9,78,36,-63,-75,3,74,36,-58,-81,3,67,33,-59,-74,4,67,29,-63,-81,0,67,36,-62,-83,1,65,29,-64,-82,4,75,...
32,-62,-79,7,73,33,-60,-79,2,69,32,-62,-80,7,72,34,-67,-74,3,71,38,-62,-78,5,73,28,-64,-79,4,72,33,-67,-80,1,74,36,-71,-79,7,71,32,-69,-78,3,66,31,-63,-81,6,71,32,-67,-77,2,69,27,-67,-79,-2,67,27,-68,-80,-3,...
66,27,-68,-84,-2,64,24,-72,-82,-2,68,23,-67,-91,-5,61,23,-73,-84,-4,54,23,-70,-89,-2,57,17,-73,-84,-5,63,22,-74,-83,-4,64,23,-68,-85,-8,61,22,-64,-82,-2,61,25,-69,-81,5,67,32,-67,-77,0,67,26,-64,-80,0,66,26,-65,-78,...
-1,71,29,-65,-80,2,65,30,-66,-81,-3,65,32,-66,-79,11,66,31,-63,-77,1,66,28,-69,-78,1,66,27,-65,-77,-1,66,31,-60,-82,1,70,34,-65,-77,5,68,29,-59,-80,3,62,26,-69,-75,-1,73,35,-63,-78,1,68,35,-57,-73,1,69,33,-60,...
-71,1,74,33,-56,-77,7,72,38,-64,-72,10,74,33,-53,-65,7,76,37,-52,-77,9,73,36,-52,-67,7,76,40,-56,-75,14,76,28,-57,-77,7,77,37,-61,-75,5,64,31,-58,-76,6,72,35,-57,-78,2,67,27,-68,-72,2,71,33,-61,-78,-1,65,27,...
-61,-79,0,72,36,-60,-81,4,71,33,-57,-78,11,70,34,-56,-79,7,74,30,-64,-78,-2,65,35,-59,-78,5,71,33,-59,-80,5,68,26,-56,-81,5,66,28,-60,-74,7,67,29,-58,-76,0,65,32,-63,-79,2,65,23,-61,-75,5,67,26,-68,-76,-1,66,...
22,-70,-78,-5,63,29,-75,-83,-2,65,25,-68,-83,2,63,30,-66,-88,-3,66,27,-68,-85,-4,60,23,-68,-86,-6,60,25,-66,-87,-3,65,26,-67,-87,-2,67,29,-70,-84,-3,64,28,-67,-81,-3,70,32,-64,-82,4,69,32,-66,-78,6,67,19,-69,-77,5,...
66,35,-65,-75,2,72,30,-63,-78,-1,70,31,-65,-79,3,69,25,-63,-81,2,69,29,-67,-82,-1,56,23,-60,-75,-2,68,32,-62,-79,5,67,29,-64,-73,5,67,28,-65,-75,3,69,35,-61,-78,5,67,27,-61,-76,7,70,32,-62,-81,5,68,28,-56,-77,...
10,72,29,-59,-78,4,68,36,-59,-74,9,73,35,-57,-70,7,75,34,-54,-76,12,73,40,-61,-72,9,77,37,-53,-61,13,74,43,-55,-71,8,77,41,-62,-69,11,74,32,-58,-78,7,70,32,-59,-76,0,69,29,-63,-73,2,70,37,-59,-75,8,70,34,-59,...
-77,2,66,25,-67,-75,9,71,34,-61,-74,5,71,26,-58,-79,4,73,35,-63,-75,0,68,35,-62,-77,2,65,34,-59,-75,1,74,36,-61,-78,3,75,33,-63,-79,3,69,28,-65,-79,4,72,27,-65,-80,-1,69,29,-63,-77,3,63,36,-64,-83,3,69,33,...
-67,-79,2,66,30,-70,-85,-2,65,25,-65,-86,-10,58,21,-69,-82,-3,62,25,-72,-91,-6,59,22,-74,-86,-4,56,21,-68,-82,-8,61,21,-66,-87,-2,68,27,-70,-81,-7,65,30,-68,-83,-3,65,23,-67,-82,1,66,22,-58,-80,-2,71,31,-60,-72,3,68,...
27,-64,-84,-1,69,30,-58,-86,7,69,32,-69,-78,-1,68,27,-65,-80,0,66,27,-60,-79,-2,58,34,-59,-79,2,71,32,-65,-80,1,64,31,-65,-77,4,68,34,-63,-75,1,66,27,-61,-76,-1,67,32,-58,-76,5,69,32,-57,-79,5,74,31,-59,-75,9,...
73,34,-57,-73,4,79,36,-57,-71,7,75,29,-57,-71,7,76,36,-52,-73,11,73,43,-55,-71,11,78,39,-56,-70,7,76,34,-54,-74,8,72,35,-53,-75,9,76,32,-57,-73,7,66,34,-60,-75,-6,69,27,-65,-74,2,66,26,-64,-82,8,71,36,-59,-78,...
4,70,28,-63,-74,6,72,31,-62,-76,7,69,35,-58,-77,9,67,34,-64,-75,2,70,32,-60,-78,7,70,30,-62,-77,4,72,29,-58,-80,4,73,31,-64,-80,0,69,38,-64,-79,7,69,27,-63,-78,-1,64,28,-64,-74,1,69,24,-67,-78,2,64,28,-62,...
-80,-5,65,24,-64,-82,-5,59,21,-69,-81,-2,65,28,-69,-81,-4,64,23,-71,-88,-2,63,24,-69,-86,-5,56,19,-73,-84,-4,64,23,-67,-87,-2,65,27,-63,-84,1,67,27,-66,-81,2,65,26,-67,-83,-1,68,34,-64,-77,-4,69,31,-65,-79,-1,64,30,...
-66,-84,5,67,28,-61,-82,1,67,32,-61,-81,5,67,27,-62,-83,5,64,26,-69,-79,3,69,28,-59,-77,0,70,27,-62,-76,7,70,32,-68,-78,2,66,33,-69,-79,3,69,31,-62,-77,1,68,27,-60,-80,10,81,34,-60,-74,2,68,35,-59,-76,2,72,...
34,-64,-75,1,73,35,-57,-77,13,70,37,-59,-72,10,70,39,-58,-71,11,75,36,-54,-74,7,78,34,-52,-71,10,77,39,-53,-72,8,74,40,-58,-71,6,75,34,-55,-74,11,78,45,-61,-69,8,70,34,-60,-77,7,71,31,-57,-83,5,69,32,-58,-75,7,...
67,32,-67,-80,6,72,32,-60,-79,5,68,31,-57,-80,5,62,36,-61,-80,8,74,26,-65,-78,4,70,30,-62,-78,1,68,30,-57,-80,7,66,26,-58,-80,4,65,30,-60,-79,1,67,31,-66,-77,0,69,33,-68,-82,-1,63,27,-62,-80,-1,69,24,-65,-76,...
3,73,28,-68,-80,0,65,23,-70,-87,2,62,24,-67,-85,-8,58,24,-74,-82,-2,67,24,-70,-90,-5,60,19,-66,-86,-6,67,27,-68,-80,-2,58,22,-66,-83,-1,67,27,-69,-80,2,66,28,-64,-84,4,67,25,-64,-79,-1,68,30,-62,-81,1,70,31,-61,...
-75,0,70,33,-66,-76,2,69,27,-66,-83,-2,73,27,-65,-81,4,65,27,-65,-83,4,71,31,-68,-79,-1,69,30,-62,-82,-1,69,31,-58,-81,3,67,34,-68,-79,5,71,32,-65,-76,2,69,30,-60,-78,5,71,36,-63,-75,1,66,33,-59,-77,4,70,33,...
-58,-77,3,71,36,-59,-79,5,75,33,-57,-72,4,73,38,-60,-73,11,73,36,-57,-64,8,75,36,-50,-70,9,77,39,-58,-70,8,75,36,-59,-68,6,69,37,-55,-73,6,71,32,-57,-75,5,70,34,-61,-76,8,68,35,-60,-80,2,70,32,-63,-80,-2,74,...
29,-64,-72,1,70,33,-67,-73,7,68,32,-59,-81,4,71,33,-58,-79,5,67,27,-64,-75,1,71,36,-66,-70,3,69,32,-55,-75,2,74,32,-62,-76,2,72,29,-65,-83,4,70,29,-63,-80,1,70,28,-66,-78,1,63,28,-62,-82,-1,69,27,-65,-72,-1,...
64,30,-60,-80,-4,67,23,-68,-82,-5,63,23,-73,-88,1,66,26,-66,-87,-6,60,22,-67,-84,-7,59,21,-72,-85,-2,65,19,-66,-83,-5,65,23,-70,-84,-7,60,25,-63,-80,-2,63,26,-64,-79,-1,68,30,-64,-81,6,69,30,-72,-77,3,69,28,-66,-83,...
3,65,32,-65,-82,1,66,29,-62,-81,2,66,33,-67,-78,0,68,31,-63,-78,1,69,31,-62,-77,1,71,33,-60,-80,4,70,37,-64,-75,1,72,28,-61,-79,-1,63,29,-59,-79,5,72,36,-62,-80,6,67,33,-62,-81,-1,70,34,-65,-80,4,71,26,-56,...
-71,-1,67,38,-61,-73,8,71,33,-55,-74,5,74,35,-59,-73,10,79,37,-56,-75,13,75,41,-58,-69,12,76,35,-56,-74,9,78,42,-55,-72,7,77,37,-60,-71,6,77,39,-61,-75,5,72,31,-59,-74,4,75,31,-62,-75,8,76,34,-61,-77,0,69,33,...
-61,-76,-4,70,28,-66,-76,1,67,30,-60,-74,2,66,28,-64,-74,4,70,35,-52,-81,2,70,33,-64,-80,2,69,29,-59,-78,6,66,40,-62,-77,7,72,36,-66,-75,-5,71,30,-66,-80,1,73,31,-63,-79,-1,70,31,-68,-71,-1,64,31,-64,-82,2,66,...
33,-69,-81,-3,62,26,-65,-83,1,62,25,-69,-85,-2,63,23,-72,-83,1,64,27,-67,-86,-3,63,24,-68,-85,-7,61,19,-72,-82,-2,63,26,-70,-85,-3,71,38,-72,-89,0,66,30,-66,-80,5,63,29,-62,-81,-1,67,32,-66,-81,2,66,31,-61,-82,-1,...
70,27,-62,-78,-1,67,31,-64,-75,3,70,37,-60,-77,3,69,32,-68,-79,4,64,26,-64,-79,4,67,32,-62,-78,6,67,31,-66,-78,0,66,26,-67,-78,6,70,33,-60,-78,0,74,32,-62,-82,8,68,35,-64,-77,4,67,31,-57,-77,7,70,31,-60,-75,...
4,65,36,-61,-72,5,74,36,-57,-78,6,71,38,-55,-75,1,74,35,-58,-68,6,74,35,-53,-67,15,75,43,-50,-72,13,70,38,-57,-69,6,79,39,-59,-70,6,75,39,-58,-74,5,72,32,-58,-83,2,73,35,-62,-82,7,67,32,-63,-74,0,72,25,-60,...
-80,-1,72,29,-64,-74,9,72,35,-63,-76,7,74,33,-65,-74,7,70,33,-60,-76,11,72,35,-62,-78,5,64,33,-62,-80,3,69,33,-67,-73,1,71,34,-62,-79,3,72,28,-60,-78,5,69,30,-70,-81,5,75,31,-64,-81,2,72,28,-68,-79,2,64,25,...
-66,-81,-2,68,30,-69,-86,3,65,26,-66,-86,-3,64,21,-69,-87,-4,67,22,-74,-91,3,64,27,-68,-88,-4,64,24,-71,-87,-1,63,23,-68,-86,-2,66,25,-66,-83,2,69,24,-68,-85,-1,67,26,-62,-84,3,66,32,-65,-81,4,68,29,-71,-79,2,73,...
26,-60,-77,4,69,32,-62,-82,1,68,34,-64,-77,9,67,26,-62,-82,3,69,30,-61,-80,4,65,28,-65,-79,0,69,29,-63,-80,6,70,31,-61,-71,1,67,29,-69,-75,6,68,29,-62,-78,3,67,30,-58,-80,6,74,34,-66,-76,1,66,35,-59,-76,8,...
68,29,-64,-70,7,67,33,-55,-73,4,78,38,-54,-74,8,76,39,-50,-73,10,73,40,-56,-69,7,80,35,-52,-67,9,80,34,-52,-73,7,77,40,-51,-71,12,72,37,-58,-77,5,74,36,-57,-75,1,75,36,-60,-80,10,67,37,-62,-78,0,66,29,-67,-74,...
5,77,36,-65,-79,9,69,...

